SM:2023-11-18T14:02:29.8267989Z
LM:2023-11-18T14:02:48.9544696Z
CT:image/jpeg
MA:604800
CL:28635
